500
8 80
21 188
21 5
16 84
9 126
13 190
6 82
21 145
16 40
10 98
21 169
8 200
5 134
8 77
2 40
19 132
20 143
15 117
18 138
9 118
9 133
19 20
9 201
16 31
13 157
7 11
15 154
9 66
6 100
16 143
9 84
8 126
9 130
4 104
18 176
11 114
3 138
13 172
16 10
18 111
13 87
21 64
14 6
9 49
10 113
13 191
17 179
18 166
6 14
12 160
9 83
6 124
10 8
6 115
10 120
13 63
12 29
19 84
21 184
4 200
13 137
12 159
11 82
17 110
7 189
2 193
14 158
6 41
2 180
11 93
17 145
19 97
9 64
19 100
6 6
15 139
11 17
16 35
15 189
19 124
12 85
19 16
3 71
12 11
20 88
4 165
11 143
15 58
8 134
6 123
11 186
4 126
5 35
2 32
21 71
13 114
18 98
15 201
10 112
14 15
11 194
17 40
17 15
9 111
2 162
19 126
10 9
5 69
3 30
6 89
12 102
12 166
13 182
13 103
12 126
14 10
4 6
5 129
4 148
17 162
14 88
16 137
5 31
13 187
8 163
11 51
14 108
7 42
11 111
10 199
14 108
15 182
14 54
20 125
10 60
15 65
4 204
2 95
5 103
4 134
12 168
2 26
13 70
10 92
7 104
21 20
2 64
13 169
17 160
4 87
8 89
20 71
9 35
8 156
18 55
10 113
16 80
15 81
7 63
21 158
18 118
16 19
13 140
8 149
18 47
19 60
10 48
6 15
17 184
15 45
20 113
3 192
7 55
21 116
10 77
8 150
6 203
21 31
15 37
13 32
4 104
13 191
15 13
3 71
6 24
7 102
7 10
16 135
9 73
13 104
4 74
7 31
3 77
8 149
4 15
18 84
16 197
16 133
13 116
18 178
18 141
7 82
15 61
11 122
19 67
3 33
11 187
19 92
4 24
14 168
20 150
9 47
9 28
18 41
7 200
11 123
13 197
4 109
20 80
2 22
8 56
18 106
20 116
18 11
9 126
15 133
18 29
9 83
11 32
19 168
12 6
3 80
10 123
10 13
21 85
16 21
9 85
11 40
19 184
10 47
2 13
11 200
16 185
10 30
3 30
13 101
14 74
20 20
21 172
20 27
12 9
21 60
17 28
14 134
8 21
10 60
5 128
5 52
16 94
4 27
20 33
2 69
3 80
4 83
15 43
3 37
11 80
9 103
20 203
14 113
11 37
2 69
3 139
6 197
4 88
15 141
7 173
10 92
12 52
13 96
15 132
3 15
8 142
17 26
15 94
12 116
3 85
11 192
2 155
9 96
6 186
8 74
3 14
3 157
10 185
13 81
6 11
11 117
17 190
19 202
14 23
20 100
6 168
7 24
17 115
15 129
11 113
21 21
9 73
19 148
3 28
11 113
3 132
12 113
7 21
17 137
11 204
17 84
6 108
8 33
17 175
4 11
15 202
12 50
8 17
14 127
8 89
11 60
18 124
14 138
6 167
14 204
8 80
4 169
13 43
13 63
13 92
16 114
7 198
16 45
16 90
9 127
21 68
2 46
16 191
12 66
10 160
10 87
5 95
17 134
17 170
18 190
17 93
18 12
20 68
5 9
10 201
4 178
5 72
2 75
16 15
15 5
3 139
17 175
9 6
15 160
19 117
11 42
10 126
15 178
5 174
3 36
13 88
19 188
14 194
5 135
11 34
19 24
21 70
7 46
12 8
11 107
4 104
20 79
4 171
14 146
17 130
11 153
17 109
17 144
3 86
10 118
4 171
15 86
8 107
21 122
15 137
20 34
10 46
9 113
9 129
8 184
16 162
15 148
3 52
7 187
7 168
21 156
3 134
4 36
15 143
5 53
5 102
19 81
18 196
19 68
3 99
17 23
9 146
21 113
19 103
16 88
4 76
6 141
5 104
5 22
16 125
5 85
6 153
4 109
8 62
5 116
18 157
16 116
2 168
8 92
15 68
18 68
8 5
9 198
21 83
20 175
13 163
20 140
15 144
7 186
3 128
6 94
21 123
2 123
5 38
8 97
13 86
10 58
12 8
11 89
16 198
10 44
4 19
14 80
8 111
7 139
17 102
20 204
8 58
15 190
19 97
17 148
17 26
7 143
12 9
2 195
17 42
2 112
19 66
20 107
20 104
13 100
21 107
3 163
12 13
2 180
17 165
20 49
6 11
11 15
8 124
4 96
4 53
6 23
15 156
4 171
19 97
20 67
14 60
5 7
8 17
4 103
13 182
11 173